array([ 4.76000607e-02,  3.31143215e-02, -3.82310040e-02,  5.35605997e-02,
        9.46581922e-03, -3.03378403e-02,  8.00161660e-02,  2.17639580e-02,
       -2.03576386e-02,  7.23522529e-02, -2.61763372e-02, -1.85152479e-02,
        3.04624382e-02,  1.45126060e-02, -4.18603942e-02, -2.80726869e-02,
        1.74106425e-03,  3.44309062e-02, -4.66611832e-02,  4.54452112e-02,
        2.23366730e-02, -3.04078441e-02,  4.93021756e-02,  1.86697729e-02,
       -2.56503168e-02,  2.39952840e-02, -6.04142733e-02,  3.52243595e-02,
        1.65656451e-02, -3.48872803e-02,  6.21112389e-03,  3.06215007e-02,
       -3.96319032e-02, -2.30389722e-02,  4.34885770e-02, -2.91425847e-02,
        3.91301550e-02, -8.87334245e-05, -3.34570333e-02, -6.13255752e-03,
       -2.41548568e-02,  2.63708159e-02, -4.78575528e-02, -4.11329493e-02,
        5.25938235e-02,  2.26994287e-02, -1.32012097e-02, -2.52869502e-02,
       -3.48715149e-02, -9.57401295e-04, -6.71240240e-02,  3.90645228e-02,
       -3.17270346e-02, -3.85636427e-02, -5.61157763e-02, -4.92130928e-02,
        3.73192620e-03,  3.49136889e-02, -9.72762704e-03,  2.71123964e-02,
       -3.44599709e-02,  5.53382933e-02,  7.16097653e-03, -4.02891897e-02,
        2.04153843e-02, -3.04560289e-02,  2.59520039e-02,  1.62759908e-02,
       -2.74350885e-02,  3.26045975e-02,  3.16380374e-02,  7.43186250e-02,
        5.94113069e-03, -4.11989279e-02,  4.19209823e-02, -3.34016397e-03,
       -6.85869083e-02,  2.91506909e-02,  3.12672481e-02,  5.43931946e-02,
        1.67689975e-02,  3.33776101e-02, -2.87121302e-03,  3.10566626e-03,
       -5.14079770e-03,  3.52517329e-02,  5.00576049e-02, -2.95776855e-02,
        3.85292284e-02,  1.66190639e-02,  1.35765737e-02,  9.51553322e-03,
       -9.38591175e-03,  6.45829812e-02,  4.37660217e-02,  1.36864465e-02,
       -4.86464575e-02,  4.65868264e-02, -2.63414066e-02,  1.30179254e-02,
        3.73842791e-02, -4.17719409e-02,  2.60037053e-02,  8.62040296e-02,
       -4.35390212e-02, -4.19315174e-02, -2.12227721e-02, -3.86910997e-02,
       -9.37169604e-03, -2.25883331e-02,  6.13778941e-02,  1.75790209e-02,
       -3.14018168e-02, -9.39053949e-03,  9.29414236e-04, -3.96535620e-02,
        2.70683188e-02, -1.81172062e-02,  4.58275713e-02,  4.38892804e-02,
       -5.59365489e-02,  3.17908488e-02, -4.44039423e-03,  2.26773042e-02,
        5.52058890e-02,  3.35993022e-02,  3.55832726e-02, -3.02804112e-02,
        7.97436982e-02,  1.85735654e-02,  1.76321752e-02, -5.08265048e-02,
       -2.87966952e-02,  2.04890221e-02,  1.05999708e-02, -3.15303095e-02,
        4.83616069e-02,  2.35169120e-02, -8.32244568e-03,  3.87272127e-02,
       -2.05198042e-02,  2.93531045e-02, -4.52823052e-03, -4.42550145e-02,
        2.84185354e-03, -3.19210328e-02, -2.99352314e-02, -1.67267211e-02,
        2.03416869e-02,  2.73557082e-02,  1.46889407e-02, -2.99070831e-02,
       -2.99541038e-02, -3.59328240e-02,  1.30769552e-03,  2.97307987e-02,
        2.27454044e-02, -6.11624718e-02,  4.42215474e-03,  1.77906454e-02,
        1.91378053e-02,  2.61036195e-02, -1.01322103e-02, -7.49469176e-03,
       -4.80861291e-02, -2.67126877e-02, -2.46714987e-02,  3.09727038e-03,
       -4.88507971e-02, -3.49947512e-02, -2.94289086e-02, -3.31337610e-03,
        3.84460688e-02,  2.04908662e-02, -2.78293900e-02,  1.70927886e-02,
        3.55558917e-02, -1.87301524e-02, -4.75678146e-02,  2.50313133e-02,
        4.44205217e-02, -4.01872061e-02,  9.07432940e-03,  1.32090449e-02,
        2.28823107e-02,  1.41000515e-02,  3.67765166e-02,  1.31328758e-02,
        1.29025122e-02, -9.05681681e-03, -2.46695932e-02, -1.71890517e-03,
       -4.50154915e-02,  1.33702066e-03, -2.13227533e-02, -1.61232986e-02,
        4.52681147e-02, -5.09248525e-02,  4.11099978e-02,  5.34129366e-02,
        2.08392590e-02,  4.21766266e-02,  1.79937370e-02, -4.29695621e-02,
       -1.45278927e-02,  2.27495655e-02,  3.28133181e-02,  1.69461723e-02,
        1.94932614e-02,  2.26164516e-02, -8.02691001e-03, -1.90678146e-02,
       -1.19305532e-02,  3.15997005e-03,  2.95054130e-02,  3.51113379e-02,
        2.99096331e-02, -1.64153799e-02,  3.32451351e-02,  4.91783321e-02,
        2.08245702e-02, -2.51036771e-02,  6.03167573e-03,  3.83231156e-02,
        4.12025210e-03,  2.01530624e-02, -9.99914669e-03, -2.17085704e-02,
        1.26278785e-03, -2.44789198e-02, -2.26404308e-03, -1.17148487e-02,
       -2.99108308e-02, -4.98368815e-02,  1.25754504e-02,  2.87900679e-02,
        7.45924562e-02,  3.43675986e-02, -2.17527244e-02,  2.32782029e-03,
        2.68835993e-03, -3.67351547e-02, -1.87195260e-02, -4.04253379e-02,
        1.89138073e-02,  2.76497286e-02, -6.77214051e-03,  3.66002358e-02,
        1.74309313e-02,  5.30896187e-02, -2.89011467e-02,  4.55495119e-02,
       -1.19697023e-02,  1.13179665e-02, -2.98554581e-02, -9.60453693e-03,
        2.85166018e-02,  5.39816804e-02,  1.07966186e-02,  6.74778037e-03,
       -2.50829086e-02, -4.03760858e-02, -1.37361558e-02,  2.75991540e-02,
        4.59804423e-02,  3.53570282e-02,  2.34947242e-02,  3.44173022e-04,
       -5.09375110e-02,  1.15464618e-02,  4.57558967e-02, -3.78656723e-02,
        2.76288595e-02, -1.81199778e-02, -5.51776811e-02, -4.42314893e-02,
        2.09169090e-02,  3.98296714e-02,  1.79209802e-02, -5.71626313e-02,
       -5.17111942e-02, -4.44942676e-02, -9.66103002e-03,  4.16827984e-02,
       -3.32073383e-02,  1.47932041e-02, -2.62227524e-02, -1.08407978e-02,
        5.24407029e-02, -3.60820396e-03, -4.80647162e-02, -4.26847264e-02,
        1.77300926e-02,  3.42832021e-02,  1.14600612e-02, -8.68409686e-03,
        3.52613442e-02,  3.33702080e-02, -4.35001068e-02, -3.65723297e-02],
      dtype=float32)