-9.545326232910156250e-03
3.832610556855797768e-03
-5.678090266883373260e-03
1.422289526090025902e-03
-1.102405134588479996e-03
4.013909958302974701e-03
1.466456335037946701e-03
-2.350300783291459084e-04
-2.206643112003803253e-04
-3.213831223547458649e-03
-5.037118680775165558e-03
4.006034694612026215e-03
5.626895930618047714e-03
-2.285903319716453552e-03
-4.648053087294101715e-03
-2.184833283536136150e-04
3.083765273913741112e-03
-3.106415737420320511e-03
-2.762535121291875839e-03
-3.571030450984835625e-03
1.890042424201965332e-02
-1.423694193363189697e-04
5.498049780726432800e-03
-4.088264890015125275e-03
-4.665789194405078888e-03
-5.233621690422296524e-03
-8.701682090759277344e-04
-5.605453159660100937e-03
7.183540146797895432e-03
-1.454121666029095650e-04
2.423138357698917389e-03
3.686625976115465164e-03
8.018448017537593842e-03
6.882516900077462196e-04
5.655081942677497864e-03
2.675965428352355957e-03
1.284840703010559082e-02
2.917621750384569168e-03
-2.898380160331726074e-03
-2.953711431473493576e-03
7.018733303993940353e-04
5.659227259457111359e-03
4.222411196678876877e-03
-7.810205570422112942e-04
6.042416673153638840e-03
3.345525823533535004e-03
5.452212877571582794e-03
-4.357451573014259338e-03
1.041668094694614410e-02
-2.121523953974246979e-03
5.076794419437646866e-03
-6.957143545150756836e-03
-6.407085340470075607e-03
-5.851205904036760330e-03
-8.705577813088893890e-03
8.557907131034880877e-05
3.923592623323202133e-03
-7.884912192821502686e-04
-7.478175684809684753e-03
-6.889165844768285751e-03
-1.394702121615409851e-04
-6.578009924851357937e-04
-5.472342018038034439e-04
7.369417697191238403e-03
6.600157357752323151e-03
3.391928505152463913e-03
-1.003563310950994492e-02
4.800932016223669052e-03
3.851733403280377388e-03
2.267736010253429413e-03
7.831584662199020386e-03
4.243392497301101685e-03
1.314628985710442066e-03
-2.942155580967664719e-03
-7.880795747041702271e-04
-1.426037168130278587e-03
-7.920512929558753967e-03
1.446350943297147751e-03
7.989575155079364777e-03
1.885092700831592083e-03
-5.706454627215862274e-03
-1.097892783582210541e-02
2.354453317821025848e-04
6.383282132446765900e-03
-4.727285355329513550e-03
1.571219880133867264e-03
-2.485682955011725426e-03
2.835885388776659966e-04
-4.054088145494461060e-03
-3.069914411753416061e-03
1.505761174485087395e-03
-6.242202594876289368e-03
-4.643050022423267365e-03
-3.021141514182090759e-03
-4.600561223924160004e-04
-1.474543940275907516e-03
2.488602651283144951e-03
4.023601301014423370e-03
6.515759974718093872e-03
-8.943088352680206299e-03
7.602225989103317261e-03
-2.358511788770556450e-03
5.580372177064418793e-03
1.119866408407688141e-02
-2.018258441239595413e-03
6.295650266110897064e-03
3.651781473308801651e-03
-7.001880090683698654e-03
-4.313575103878974915e-03
-4.525431431829929352e-03
-7.663756608963012695e-03
8.487994782626628876e-03
2.608491573482751846e-03
7.806953508406877518e-04
2.706408500671386719e-03
-1.272376626729965210e-02
-7.725903764367103577e-03
5.954216234385967255e-03
-6.483766483142971992e-04
-3.779563121497631073e-03
7.299339864403009415e-03
-4.568125121295452118e-03
-4.735635593533515930e-03
1.497805584222078323e-03
-3.483496606349945068e-03
2.785497345030307770e-04
1.182768261060118675e-03
2.078856341540813446e-04
